-0.008
-0.00805
-0.00815
-0.0081
-0.008
-0.00805
-0.00836
-0.0082
-0.0079
-0.00815
-0.00836
-0.0082
-0.008
-0.00851
-0.00836
-0.00836
-0.00841
-0.00882
-0.00867
-0.00846
-0.008
-0.00795
-0.008
-0.0081
-0.00805
-0.0081
-0.0082
-0.0082
-0.00815
-0.00805
-0.00795
-0.008
-0.0081
-0.00831
-0.00846
-0.00862
-0.00836
-0.00856
-0.00856
-0.00867
-0.008
-0.00815
-0.00815
-0.0082
-0.00815
-0.00815
-0.00826
-0.00826
-0.0082
-0.00826
-0.00836
-0.00846
-0.00795
-0.00836
-0.00826
-0.00856
-0.00867
-0.00903
-0.00929
-0.00954
-0.008
-0.00795
-0.0081
-0.00826
-0.0079
-0.00815
-0.00841
-0.00836
-0.00815
-0.00851
-0.00836
-0.00841
-0.00836
-0.00856
-0.00867
-0.00877
-0.00903
-0.0098
-0.00985
-0.01253
-0.0081
-0.0082
-0.00826
-0.00836
-0.00826
-0.00862
-0.00846
-0.00862
-0.00815
-0.008
-0.00826
-0.00846
-0.00831
-0.00877
-0.00872
-0.00918
-0.00995
-0.01021
-0.01593
-0.04013
-0.008
-0.0082
-0.00826
-0.00815
-0.00846
-0.00846
-0.00826
-0.00831
-0.00841
-0.00856
-0.00872
-0.00856
-0.00887
-0.00908
-0.00913
-0.00929
-0.01031
-0.01742
-0.04517
-0.0858
-0.00826
-0.00831
-0.00872
-0.00841
-0.0081
-0.0082
-0.00851
-0.00862
-0.00856
-0.00867
-0.00903
-0.00846
-0.00872
-0.00908
-0.00918
-0.00954
-0.01258
-0.04244
-0.0928
-0.11741
-0.00846
-0.00826
-0.00826
-0.0081
-0.00831
-0.00826
-0.00851
-0.00836
-0.00862
-0.00856
-0.00856
-0.00862
-0.00872
-0.00913
-0.01042
-0.01273
-0.01346
-0.05094
-0.14465
-0.155
-0.00815
-0.00815
-0.00836
-0.00826
-0.00851
-0.00851
-0.00882
-0.00856
-0.00882
-0.00898
-0.00913
-0.00923
-0.00887
-0.00995
-0.01227
-0.01541
-0.01768
-0.07807
-0.18743
-0.1707
-0.00862
-0.00826
-0.00862
-0.00851
-0.00826
-0.00898
-0.00913
-0.00856
-0.00903
-0.00934
-0.00929
-0.0098
-0.0098
-0.0098
-0.01129
-0.02216
-0.0981
-0.17992
-0.20412
-0.17729
-0.00851
-0.00846
-0.00867
-0.00903
-0.00882
-0.00913
-0.00913
-0.00959
-0.00939
-0.01001
-0.00975
-0.01011
-0.01057
-0.0116
-0.02818
-0.09074
-0.20494
-0.26966
-0.22929
-0.19469
-0.00882
-0.00872
-0.00887
-0.00892
-0.00882
-0.00918
-0.00959
-0.00965
-0.01026
-0.01083
-0.01335
-0.01397
-0.01268
-0.02731
-0.09058
-0.16746
-0.21405
-0.24999
-0.24103
-0.20417
-0.00862
-0.00856
-0.00903
-0.00913
-0.00918
-0.00965
-0.00995
-0.01031
-0.0115
-0.01768
-0.04419
-0.0548
-0.03565
-0.08492
-0.15567
-0.1897
-0.21292
-0.23475
-0.2418
-0.22517
-0.00877
-0.00882
-0.00939
-0.0097
-0.00965
-0.01016
-0.01114
-0.01171
-0.02113
-0.05815
-0.10474
-0.11792
-0.11463
-0.14763
-0.17971
-0.19619
-0.20937
-0.22492
-0.25426
-0.24757
-0.00898
-0.00929
-0.00944
-0.0097
-0.01021
-0.01078
-0.01237
-0.02576
-0.06767
-0.11664
-0.14053
-0.14279
-0.15736
-0.17276
-0.18218
-0.19341
-0.20695
-0.22347
-0.25097
-0.25318
-0.00934
-0.00934
-0.00995
-0.01031
-0.01078
-0.01258
-0.03204
-0.079
-0.1276
-0.14815
-0.15134
-0.15772
-0.17307
-0.18064
-0.19063
-0.1949
-0.20659
-0.22919
-0.25406
-0.24654
-0.00908
-0.0097
-0.01052
-0.01134
-0.01273
-0.03678
-0.08708
-0.13682
-0.15052
-0.16329
-0.16607
-0.17111
-0.18017
-0.1881
-0.19773
-0.20247
-0.21513
-0.23825
-0.24479
-0.23846
-0.01011
-0.01088
-0.01165
-0.01485
-0.04296
-0.09959
-0.14897
-0.1622
-0.16879
-0.17853
-0.18177
-0.18476
-0.19315
-0.1985
-0.20319
-0.21261
-0.23022
-0.23866
-0.22811
-0.22837
-0.01093
-0.01201
-0.01644
-0.05053
-0.11056
-0.16071
-0.17616
-0.18517
-0.18867
-0.19716
-0.20149
-0.19974
-0.20412
-0.21385
-0.21513
-0.22183
-0.23192
-0.23094
-0.2193
-0.21781
-0.0115
-0.01794
-0.05882
-0.12518
-0.17827
-0.1948
-0.20926
-0.21853
-0.21385
-0.21781
-0.219
-0.21863
-0.2174
-0.21724
-0.2225
-0.22147
-0.22162
-0.21977
-0.22543
-0.22445
-0.0219
-0.06762
-0.13821
-0.1915
-0.21565
-0.21956
-0.22178
-0.21807
-0.21385
-0.21029
-0.207
-0.20684
-0.20108
-0.19989
-0.20133
-0.20458
-0.20731
-0.21678
-0.22569
-0.22878
-0.08029
-0.14825
-0.19315
-0.21745
-0.22595
-0.2208
-0.20746
-0.19789
-0.19315
-0.19093
-0.18754
-0.18934
-0.18692
-0.18733
-0.19217
-0.19552
-0.20623
-0.21802
-0.22394
-0.2088
-0.15273
-0.19109
-0.21158
-0.21694
-0.21313
-0.19861
-0.19099
-0.18615
-0.17961
-0.17708
-0.17533
-0.17611
-0.1792
-0.18295
-0.18903
-0.20061
-0.20808
-0.21519
-0.20628
-0.19011
-0.17729
-0.20406
-0.21863
-0.21287
-0.19485
-0.19057
-0.17523
-0.17137
-0.16833
-0.16926
-0.1671
-0.16946
-0.17641
-0.17837
-0.19454
-0.20762
-0.21235
-0.19953
-0.1845
-0.17436
-0.19217
-0.21869
-0.22033
-0.2052
-0.18908
-0.18198
-0.16339
-0.15948
-0.16153
-0.16236
-0.16298
-0.1656
-0.17137
-0.18625
-0.19897
-0.21349
-0.20221
-0.18857
-0.17029
-0.15577
-0.20128
-0.23434
-0.22136
-0.19624
-0.18331
-0.17194
-0.15839
-0.15494
-0.15721
-0.15494
-0.16262
-0.16663
-0.17971
-0.19804
-0.20401
-0.19773
-0.18357
-0.17091
-0.15963
-0.15149
-0.20638
-0.2366
-0.22172
-0.19341
-0.17678
-0.16174
-0.15381
-0.15391
-0.15268
-0.15129
-0.15906
-0.16581
-0.18573
-0.19696
-0.1967
-0.18337
-0.16704
-0.16215
-0.15057
-0.14604
-0.20031
-0.22811
-0.21699
-0.19088
-0.16843
-0.15654
-0.15366
-0.15211
-0.14995
-0.15263
-0.15953
-0.17451
-0.195
-0.19732
-0.18584
-0.1726
-0.16179
-0.15149
-0.14248
-0.14079
-0.19928
-0.21472
-0.20463
-0.17683
-0.16061
-0.15366
-0.14944
-0.14516
-0.14753
-0.15129
-0.15556
-0.17647
-0.19408
-0.19268
-0.17822
-0.16432
-0.15469
-0.15186
-0.14259
-0.13976
-0.19387
-0.20823
-0.19464
-0.17363
-0.15932
-0.15335
-0.15093
-0.14367
-0.14635
-0.15005
-0.15515
-0.17384
-0.1966
-0.19526
-0.17436
-0.16323
-0.15407
-0.1501
-0.14274
-0.13723
-0.18723
-0.20587
-0.19191
-0.17544
-0.16014
-0.15273
-0.14871
-0.14557
-0.14362
-0.14804
-0.15484
-0.16782
-0.19613
-0.19284
-0.17322
-0.162
-0.1553
-0.15083
-0.14156
-0.13713
-0.18769
-0.20381
-0.19135
-0.17739
-0.1586
-0.15448
-0.14933
-0.14212
-0.14398
-0.14743
-0.15211
-0.16704
-0.18563
-0.1968
-0.18187
-0.16395
-0.15752
-0.15201
-0.1481
-0.14326
-0.19351
-0.20751
-0.19428
-0.17111
-0.15881
-0.15361
-0.15031
-0.14779
-0.14609
-0.14913
-0.15304
-0.16004
-0.17714
-0.19263
-0.18635
-0.17327
-0.16262
-0.15597
-0.15083
-0.14557
-0.19619
-0.20782
-0.19227
-0.17441
-0.16359
-0.15556
-0.14768
-0.14583
-0.14655
-0.14588
-0.15026
-0.15675
-0.16746
-0.18228
-0.18609
-0.18285
-0.17204
-0.1622
-0.15999
-0.15273
-0.19171
-0.20962
-0.19768
-0.1742
-0.16339
-0.15984
-0.1516
-0.15232
-0.1482
-0.14835
-0.14532
-0.15484
-0.15824
-0.16946
-0.17369
-0.18198
-0.18264
-0.17925
-0.16632
-0.1621
-0.19073
-0.20854
-0.19855
-0.18172
-0.16802
-0.15896
-0.15536
-0.15191
-0.14964
-0.14789
-0.14758
-0.14923
-0.15258
-0.16205
-0.16802
-0.17214
-0.17822
-0.19006
-0.19217
-0.17986
-0.18604
-0.20901
-0.2018
-0.18501
-0.17636
-0.16751
-0.16174
-0.15752
-0.15288
-0.15299
-0.14753
-0.15016
-0.1533
-0.15824
-0.16349
-0.16998
-0.1759
-0.18517
-0.20185
-0.19562
-0.17688
-0.2018
-0.20767
-0.19361
-0.18038
-0.17348
-0.16504
-0.16117
-0.15881
-0.15433
-0.15314
-0.15278
-0.15479
-0.15474
-0.15814
-0.16658
-0.17394
-0.18429
-0.20267
-0.21385
-0.17616
-0.1933
-0.21019
-0.20484
-0.19279
-0.18177
-0.17363
-0.17116
-0.16498
-0.16035
-0.1587
-0.1552
-0.15587
-0.15757
-0.16148
-0.16395
-0.16982
-0.17894
-0.19516
-0.2209
-0.16421
-0.18661
-0.19969
-0.21302
-0.20731
-0.19521
-0.18403
-0.18074
-0.17399
-0.16735
-0.16488
-0.15953
-0.15633
-0.15901
-0.16493
-0.16751
-0.17209
-0.17889
-0.19243
-0.21704
-0.16004
-0.17441
-0.18651
-0.202
-0.21446
-0.21246
-0.20901
-0.20442
-0.19052
-0.18182
-0.17363
-0.17008
-0.16123
-0.15948
-0.16457
-0.16838
-0.17322
-0.1829
-0.1985
-0.22342
-0.15618
-0.16885
-0.1778
-0.18192
-0.19691
-0.21122
-0.21328
-0.21663
-0.21379
-0.202
-0.18409
-0.17317
-0.16864
-0.16617
-0.16735
-0.16802
-0.17878
-0.18836
-0.19984
-0.22049
-0.14629
-0.16674
-0.16967
-0.17678
-0.18136
-0.19577
-0.20401
-0.21055
-0.21889
-0.22142
-0.20597
-0.18378
-0.17183
-0.17199
-0.17271
-0.17214
-0.18362
-0.1914
-0.20808
-0.22239
-0.14665
-0.15855
-0.16957
-0.17085
-0.17513
-0.18723
-0.19243
-0.20345
-0.21802
-0.22801
-0.22373
-0.19639
-0.1827
-0.17641
-0.17487
-0.18228
-0.19124
-0.1966
-0.207
-0.22389
-0.14238
-0.15536
-0.16272
-0.16648
-0.17091
-0.18038
-0.18805
-0.19799
-0.20865
-0.2225
-0.23094
-0.21071
-0.19114
-0.18306
-0.18167
-0.18676
-0.19402
-0.20133
-0.21199
-0.22692
-0.14248
-0.15659
-0.16128
-0.16596
-0.17018
-0.18059
-0.18151
-0.19248
-0.20345
-0.22018
-0.23192
-0.22018
-0.19526
-0.1812
-0.18095
-0.18743
-0.18898
-0.20298
-0.21544
-0.2383
-0.14331
-0.15402
-0.16087
-0.16555
-0.16771
-0.17822
-0.18264
-0.19207
-0.20267
-0.22121
-0.23799
-0.22105
-0.1985
-0.18748
-0.18244
-0.18326
-0.19099
-0.20334
-0.22363
-0.24211
-0.1414
-0.14871
-0.15608
-0.16262
-0.17137
-0.17878
-0.18826
-0.19207
-0.20499
-0.22641
-0.23676
-0.21827
-0.19495
-0.18651
-0.17811
-0.18666
-0.19377
-0.2054
-0.22662
-0.25133
-0.14537
-0.15335
-0.16426
-0.16843
-0.17605
-0.17863
-0.19068
-0.20144
-0.21555
-0.2346
-0.23712
-0.21472
-0.1915
-0.18548
-0.18367
-0.18949
-0.19732
-0.20715
-0.22692
-0.24989
-0.14758
-0.15829
-0.16426
-0.17307
-0.17971
-0.19057
-0.19984
-0.20859
-0.22919
-0.24278
-0.22553
-0.20453
-0.19552
-0.18702
-0.18481
-0.19093
-0.19737
-0.21189
-0.23429
-0.2521
-0.15165
-0.16272
-0.17399
-0.18532
-0.18743
-0.20139
-0.21797
-0.22924
-0.25087
-0.24026
-0.219
-0.20339
-0.19114
-0.18748
-0.18589
-0.19243
-0.19464
-0.2123
-0.23753
-0.26024
-0.15932
-0.17101
-0.17956
-0.19119
-0.20144
-0.21874
-0.23542
-0.25128
-0.24422
-0.22816
-0.20767
-0.19773
-0.19001
-0.18738
-0.18553
-0.19222
-0.19886
-0.22028
-0.24165
-0.25535
-0.16565
-0.18682
-0.19289
-0.20597
-0.22208
-0.24268
-0.24829
-0.24438
-0.22924
-0.21055
-0.19794
-0.19619
-0.19155
-0.18337
-0.18702
-0.19284
-0.20926
-0.22054
-0.24355
-0.25406
-0.17719
-0.19593
-0.20798
-0.2226
-0.24773
-0.25715
-0.24597
-0.23465
-0.21601
-0.20396
-0.19804
-0.19433
-0.18954
-0.18455
-0.18604
-0.19804
-0.21251
-0.226
-0.24731
-0.25668
-0.18033
-0.20448
-0.22142
-0.25112
-0.25704
-0.24546
-0.23398
-0.2175
-0.20355
-0.19701
-0.1949
-0.19485
-0.19114
-0.18862
-0.19268
-0.20525
-0.21138
-0.23516
-0.25154
-0.25174
-0.19423
-0.22332
-0.24072
-0.26147
-0.24659
-0.2312
-0.21817
-0.21446
-0.20221
-0.19449
-0.19459
-0.1948
-0.19665
-0.1966
-0.20195
-0.20525
-0.22172
-0.23949
-0.25025
-0.24783
-0.19958
-0.23851
-0.25777
-0.24989
-0.23527
-0.22178
-0.21508
-0.20391
-0.20375
-0.1983
-0.19335
-0.19907
-0.19974
-0.20406
-0.20916
-0.21699
-0.2262
-0.23985
-0.25128
-0.24402
-0.20473
-0.24438
-0.25612
-0.24026
-0.22986
-0.21951
-0.20926
-0.19953
-0.19861
-0.20082
-0.19464
-0.19928
-0.20628
-0.2072
-0.21524
-0.22564
-0.23552
-0.24417
-0.24438
-0.19341
-0.21575
-0.25375
-0.25797
-0.23671
-0.22203
-0.21488
-0.2122
-0.20442
-0.20113
-0.20319
-0.19958
-0.20612
-0.20916
-0.21704
-0.22672
-0.23218
-0.23722
-0.23058
-0.18445
-0.10129
-0.21179
-0.25504
-0.25344
-0.23166
-0.2192
-0.21359
-0.21395
-0.20525
-0.20087
-0.20489
-0.20993
-0.21261
-0.21848
-0.23043
-0.23851
-0.23588
-0.2226
-0.17235
-0.09058
-0.02916
-0.20741
-0.25051
-0.25586
-0.2366
-0.21951
-0.21436
-0.21215
-0.20592
-0.20427
-0.20911
-0.21482
-0.22492
-0.23738
-0.24654
-0.24016
-0.21915
-0.16534
-0.08523
-0.02628
-0.01933
-0.19809
-0.2383
-0.25499
-0.23506
-0.22924
-0.21781
-0.21148
-0.20736
-0.21297
-0.22049
-0.22584
-0.23872
-0.24798
-0.24319
-0.21379
-0.1533
-0.0722
-0.02442
-0.01737
-0.01376
-0.1828
-0.21853
-0.24072
-0.24577
-0.2364
-0.22363
-0.21735
-0.21817
-0.21992
-0.22765
-0.24005
-0.24937
-0.24531
-0.21215
-0.14104
-0.0652
-0.02329
-0.01711
-0.01361
-0.0115
-0.17101
-0.19876
-0.22193
-0.24077
-0.24268
-0.23696
-0.22914
-0.23032
-0.23393
-0.2433
-0.24876
-0.23954
-0.20097
-0.12884
-0.05202
-0.02159
-0.01742
-0.01335
-0.01119
-0.0099
-0.15803
-0.18491
-0.20283
-0.21714
-0.2261
-0.23666
-0.24201
-0.24206
-0.23938
-0.24283
-0.23285
-0.18949
-0.11633
-0.04404
-0.0218
-0.0166
-0.01376
-0.01114
-0.0099
-0.00918
-0.14655
-0.17255
-0.17961
-0.19155
-0.19979
-0.21436
-0.2157
-0.21513
-0.2193
-0.21539
-0.17384
-0.09831
-0.03796
-0.02046
-0.01536
-0.0134
-0.01129
-0.01006
-0.00929
-0.00882
-0.13172
-0.1552
-0.16612
-0.16699
-0.17688
-0.18532
-0.18579
-0.18882
-0.18805
-0.15391
-0.08456
-0.0322
-0.02051
-0.01598
-0.01243
-0.01042
-0.00965
-0.00913
-0.00923
-0.00862
-0.12421
-0.14382
-0.14923
-0.15216
-0.16123
-0.16128
-0.16941
-0.16488
-0.12972
-0.06778
-0.02633
-0.0184
-0.01474
-0.01232
-0.01109
-0.0097
-0.00913
-0.00903
-0.00892
-0.00867
-0.11844
-0.13605
-0.14181
-0.14089
-0.14563
-0.14794
-0.14341
-0.11159
-0.05629
-0.02293
-0.01752
-0.01361
-0.01155
-0.01042
-0.00929
-0.00877
-0.00882
-0.00872
-0.00851
-0.00826
-0.11437
-0.12462
-0.12611
-0.1327
-0.13502
-0.12802
-0.09378
-0.0462
-0.02036
-0.01618
-0.01315
-0.01109
-0.01001
-0.00965
-0.00882
-0.00867
-0.00856
-0.00856
-0.00856
-0.00805
-0.10546
-0.11556
-0.11968
-0.12117
-0.11324
-0.0774
-0.03766
-0.01809
-0.01449
-0.01263
-0.01114
-0.0099
-0.00913
-0.00903
-0.00882
-0.00856
-0.00836
-0.0082
-0.0081
-0.00805
-0.10171
-0.11149
-0.11252
-0.10196
-0.06561
-0.02993
-0.0167
-0.01351
-0.01227
-0.01083
-0.00975
-0.00908
-0.00918
-0.00872
-0.00841
-0.00826
-0.00831
-0.00831
-0.00831
-0.008
-0.09893
-0.10552
-0.09089
-0.05722
-0.02535
-0.01546
-0.0132
-0.01145
-0.0097
-0.00944
-0.00944
-0.00903
-0.00892
-0.00867
-0.00856
-0.00831
-0.00836
-0.008
-0.008
-0.00805
-0.09527
-0.07988
-0.05053
-0.02149
-0.01382
-0.01222
-0.01114
-0.00965
-0.00929
-0.00898
-0.00887
-0.00846
-0.00841
-0.00831
-0.00846
-0.00815
-0.0082
-0.00831
-0.00826
-0.0081
-0.07879
-0.04291
-0.0184
-0.01392
-0.01176
-0.00995
-0.00949
-0.00898
-0.00862
-0.0081
-0.00836
-0.00831
-0.00805
-0.00805
-0.0082
-0.0081
-0.00795
-0.0081
-0.0079
-0.0079
-0.04152
-0.01505
-0.01258
-0.01098
-0.0098
-0.00923
-0.00882
-0.00862
-0.00846
-0.00846
-0.00841
-0.00826
-0.00836
-0.00815
-0.00784
-0.0081
-0.00795
-0.00784
-0.00774
-0.00784
-0.01207
-0.0114
-0.01021
-0.00939
-0.00887
-0.00862
-0.00836
-0.0082
-0.00815
-0.00826
-0.00795
-0.00795
-0.00795
-0.00815
-0.0081
-0.008
-0.00769
-0.00795
-0.0079
-0.008
-0.00985
-0.00959
-0.00944
-0.00867
-0.00846
-0.00831
-0.00805
-0.00826
-0.0082
-0.00831
-0.00815
-0.00784
-0.008
-0.00784
-0.00815
-0.00836
-0.00795
-0.00795
-0.008
-0.00805
-0.00882
-0.00867
-0.00841
-0.00841
-0.00815
-0.008
-0.00851
-0.008
-0.00795
-0.0082
-0.008
-0.0081
-0.0082
-0.00815
-0.00826
-0.00805
-0.0079
-0.00805
-0.008
-0.00805
-0.0082
-0.00815
-0.0081
-0.00836
-0.00805
-0.00826
-0.008
-0.0081
-0.00795
-0.008
-0.008
-0.00784
-0.00779
-0.00836
-0.00805
-0.00795
-0.00805
-0.00774
-0.00795
-0.0079
-0.008
-0.00784
-0.0079
-0.00795
-0.008
-0.00795
-0.0079
-0.00795
-0.0079
-0.008
-0.0079
-0.00805
-0.00795
-0.00769
-0.0079
-0.00774
-0.00795
-0.0079
-0.00795
-0.00784
-0.00774
-0.00805
-0.0081
-0.00769
-0.00795
-0.00805
-0.008
-0.008
-0.00795
-0.00784
-0.0081
-0.00784
-0.00784
-0.00779
-0.00784
-0.00769
-0.00779
-0.0079
-0.00779
-0.00774
-0.008
-0.0081
-0.00805
-0.0079
-0.00795
-0.00795
-0.0079
-0.0079
-0.00779
-0.008
-0.0081
-0.00805
-0.0079
-0.008
-0.00774
-0.0079
-0.0079
-0.00815
-0.0079
-0.00795
-0.0081
-0.00805
-0.0081
-0.008
-0.00779
-0.00795
-0.0079
-0.00805
-0.00784
-0.0079
-0.00784
-0.00784
-0.00769
-0.008
-0.00764
-0.00774
-0.008
-0.00805
-0.00784
-0.008
-0.0079
-0.00805
-0.008
-0.0079
-0.0079
-0.0081
-0.008
-0.008
-0.00795
-0.00784
-0.0079
-0.00774
-0.0082
-0.00795
-0.00784
-0.00779
-0.0079
-0.00795
-0.00784
-0.00784
-0.0079
-0.008
-0.008
-0.008
-0.0079
-0.00795
-0.00795
-0.00805
-0.00795
-0.0079
-0.00779
-0.00795
-0.0079
-0.0079
-0.00795
-0.00774
-0.00784
-0.00815
-0.00795
-0.00795
-0.00805
-0.00805
-0.0081
-0.008
-0.00831
-0.0081
-0.0082
-0.0081
-0.0081
-0.00805
-0.00805
-0.00805
-0.00805
-0.00784
-0.0079
-0.00805
-0.008
-0.00805
-0.008
-0.00805
-0.0079
-0.00784
-0.00784
-0.00784
-0.00774
-0.00805
-0.00805
-0.008
-0.00795
-0.00779
-0.008
-0.008
-0.0079
-0.00795
-0.0079
-0.00779
-0.0081
-0.00795
-0.00784
-0.008
-0.008
-0.0079
-0.00784
-0.00805
-0.008
-0.00784
-0.008
-0.0081
-0.00795
-0.0082
-0.00784
-0.0079
-0.00805
-0.0079
-0.008
-0.00826
-0.00795
-0.00805
-0.00795
-0.008
-0.00795
-0.0081
-0.008
-0.00784
-0.00795
-0.00851
-0.008
-0.0079
-0.00805
-0.0079
-0.00805
-0.0081
-0.00784
-0.0081
-0.00826
-0.00779
-0.0081
-0.00784
-0.00779
-0.00795
-0.00795
-0.00795
-0.00795
-0.00779
-0.00769
-0.00774
-0.008
-0.00784
-0.0081
-0.00795
-0.00784
-0.00815
-0.00795
-0.00784
-0.00774
-0.00795
-0.00779
-0.00779
-0.00795
-0.00795
-0.00779
-0.0079
-0.0079
-0.008
-0.008
-0.00784
-0.00795
-0.0081
-0.00774
-0.00815
-0.0079
-0.00795
-0.0081
-0.00805
-0.00795
-0.00779
-0.00805
-0.0081
-0.00779
-0.00795
-0.00805
-0.00795
-0.00815
-0.00815
-0.00795
-0.00779
-0.0079
-0.0079
-0.00779
-0.00764
-0.00779
-0.00805
-0.0081
-0.00784
-0.008
-0.0082
-0.00784
-0.0079
-0.0081
-0.0079
-0.00784
-0.008
-0.00795
-0.00795
-0.0079
-0.0079
-0.008
-0.00805
-0.0079
-0.00795
-0.008
-0.0081
-0.0079
-0.00769
-0.0079
-0.00779
-0.00774
-0.0079
-0.00784
-0.0079
-0.00779
-0.00779
-0.00769
-0.00774
-0.0079
-0.00795
-0.00764
-0.00769
-0.00769
-0.00784
-0.00774
-0.00779
-0.00784
-0.00779
-0.00779
-0.00779
-0.00769
-0.00779
-0.00779
-0.0079
-0.00779
-0.00784
-0.008
-0.00779
-0.0079
-0.0079
-0.00784
-0.00815
-0.008
-0.0081
-0.0081
-0.00805
-0.00805
-0.0079
-0.00795
-0.0079
-0.008
-0.00805
-0.008
-0.00784
-0.00795
-0.00795
-0.0079
-0.00795
-0.00784
-0.00805
-0.008
-0.008
-0.00805
-0.00805
-0.008
-0.008
-0.00815
-0.00795
-0.00805
-0.00805
-0.0079
-0.00784
-0.00779
-0.008
-0.00779
-0.00784
-0.00784
-0.00774
-0.0079
-0.00815
-0.00795
-0.00784
-0.0079
-0.0079
-0.00795
-0.00805
-0.0082
-0.00774
-0.00795
-0.00795
-0.00795
-0.0082
-0.00815
-0.00805
-0.00784
-0.0079
-0.008
-0.00784
-0.00769
-0.0079
-0.00769
-0.00774
-0.008
-0.0079
-0.008
-0.00795
-0.00795
-0.00815
-0.008
-0.00815
-0.00784
-0.00805
-0.00815
-0.00805
-0.0079
-0.00774
-0.00795
-0.008
-0.00815
-0.008
-0.00805
-0.0079
-0.0081
-0.008
-0.0081
-0.00795
-0.00784
-0.0079
-0.00815
-0.00815
-0.008
-0.00784
-0.00795
-0.00805
-0.00795
-0.008
-0.0079
-0.0079
-0.0079
-0.00815
-0.0081
-0.0081
-0.00795
-0.00805
-0.00795
-0.0081
-0.0081
-0.0081
-0.008
-0.0079
-0.00805
-0.0082
-0.00815
-0.00795
-0.00815
-0.0081
-0.008
-0.00805
-0.0079
-0.00805
-0.0079
-0.00815
-0.0081
-0.0082
-0.00815
-0.00784
-0.00805
-0.008
-0.00795
-0.00805
-0.0081
-0.00826
-0.008
-0.008
-0.008
-0.00805
-0.008
-0.0082
-0.00795
-0.008
-0.0081
-0.0081
-0.00795
-0.00815
-0.00795
-0.00805
-0.00815
-0.00795
-0.008
-0.00779
-0.008
-0.008
-0.0081
-0.00795
-0.00795
-0.00774
-0.00795
-0.0079
-0.00805
-0.0079
-0.0081
-0.00779
-0.0079
-0.008
-0.00815
-0.0082
-0.00769
-0.00795
-0.00795
-0.00805
-0.00795
-0.00784
-0.00769
-0.008
-0.0079
-0.00769
-0.00779
-0.00779
-0.00784
-0.00784
-0.0079
-0.0079
-0.00795
-0.00805
-0.0082
-0.008
-0.0079
-0.00805
-0.00784
-0.0079
-0.008
-0.00784
-0.008
-0.00784
-0.00795
-0.008
-0.00805
-0.00795
-0.0079
-0.00795
-0.00836
-0.00795
-0.00815
-0.00779
-0.0081
-0.0079
-0.008
-0.00815
-0.00805
-0.0079
-0.0081
-0.0081
-0.0082
-0.00805
-0.008
-0.008
-0.00795
-0.00815
-0.00805
-0.008
-0.00805
-0.00805
-0.00805
-0.0081
-0.00795
-0.008
-0.0081
-0.008
-0.0081
-0.00815
-0.008
-0.0081
-0.0082
-0.0081
-0.0081
-0.008
-0.00795
-0.008
-0.00795
-0.00815
-0.0081
-0.00805
-0.0079
-0.008
-0.00795
-0.00815
-0.0079
-0.00795
-0.008
-0.00795
-0.00779
-0.0079
-0.0079
-0.0079
-0.00815
-0.008
-0.00805
-0.00805
-0.00784
-0.00805
-0.00779
-0.00805
-0.0081
-0.00805
-0.00795
-0.008
-0.0081
-0.00795
-0.00805
-0.008
-0.00795
-0.008
-0.00805
-0.00815
-0.0081
-0.0081
-0.00795
-0.00815
-0.00815
-0.008
-0.00784
-0.008
-0.0079
-0.0081
-0.00805
-0.00779
-0.00764
-0.00764
-0.00764
-0.0079
-0.00795
-0.00779
-0.00774
-0.00774
-0.00779
-0.00795
-0.00774
-0.00779
-0.0082
-0.00795
-0.008
-0.0079
-0.00795
-0.00795
-0.0081
-0.0079
-0.008
-0.00779
-0.0079
-0.0079
-0.00784
-0.008
-0.00795
-0.008
-0.0081
-0.00784
-0.008
-0.00795
-0.00784
-0.00784
-0.00779
-0.008
-0.00795
-0.00784
-0.008
-0.00784
-0.0079
-0.00784
-0.00774
-0.00795
-0.00779
-0.00779
-0.00784
-0.00774
-0.00795
-0.00795
-0.0079
-0.00795
-0.008
-0.00795
-0.0081
-0.00795
-0.00795
-0.008
-0.00795
-0.00795
-0.0079
-0.008
-0.008
-0.0079
-0.008
-0.008
-0.00784
-0.0079
-0.00795
-0.0079
-0.00795
-0.00784
-0.0082
-0.0082
-0.00795
-0.008
-0.00774
-0.00805
-0.00784
-0.0079
-0.00795
-0.008
-0.00795
-0.00815
-0.00784
-0.0079
-0.0079
-0.00784
-0.00779
-0.00784
-0.00795
-0.00795
-0.00795
-0.00774
-0.00784
-0.0079
-0.00764
-0.00795
-0.00795
-0.00784
-0.0079
-0.00784
-0.008
-0.0081
-0.0081
-0.00815
-0.008
-0.008
-0.0082
-0.00795
-0.00815
-0.00795
-0.00805
-0.0081
-0.00805
-0.00815
-0.008
-0.00805
-0.0081
-0.00795
-0.008
-0.00805
-0.00805
-0.00815
-0.00815
-0.00826
-0.00831
-0.00831
-0.0081
-0.00805
-0.00805
-0.00805
-0.008
-0.00815
-0.00805
-0.0079
-0.00831
-0.00795
-0.00805
-0.00836
-0.00805
-0.00795
-0.00805
-0.008
-0.00805
-0.00815
-0.00784
-0.008
-0.0081
-0.0081
-0.0081
-0.00815
-0.0081
-0.00784
-0.00795
-0.00795
-0.00805
-0.0081
-0.00826
-0.00826
-0.00805
-0.0079
-0.0082
-0.0081
-0.0081
-0.008
-0.0081
-0.00795
-0.0081
-0.00826
-0.00795
-0.008
-0.0079
-0.00815
-0.00805
-0.0079
-0.00795
-0.0081
-0.0081
-0.00795
-0.00826
-0.0079
-0.00815
-0.008
-0.00784
-0.008
-0.008
-0.008
-0.0081
-0.0079
-0.008
-0.00795
-0.00795
-0.00779
-0.00779
-0.0079
-0.008
-0.00769
-0.008
-0.00784
-0.00779
-0.00764
-0.00795
-0.0079
-0.0081
-0.00795
-0.00795
-0.008
-0.00784
-0.0079
-0.00805
-0.0079
-0.00784
-0.00779
-0.00784
-0.00779
-0.0079
-0.008
-0.0079
-0.0079
-0.00805
-0.008
-0.0079
-0.00805
-0.00795
-0.00784
-0.008
-0.00784
-0.00815
-0.0079
-0.00784
-0.00805
-0.008
-0.00795
-0.0081
-0.008
-0.00805
-0.0079
-0.008
-0.00784
-0.008
-0.00795
-0.0079
-0.00779
-0.0079
-0.00805
-0.0079
-0.0079
-0.00795
-0.008
-0.00826
-0.0079
-0.00805
-0.008
-0.00805
-0.00784
-0.0079
-0.0081
-0.00795
-0.0079
-0.008
-0.0079
-0.00795
-0.00795
-0.00795
-0.00784
-0.00784
-0.00795
-0.00779
-0.00774
-0.00795
-0.00774
-0.008
-0.00784
-0.008
-0.00779
-0.00769
-0.0079
-0.00805
-0.00784
-0.00805
-0.0079
-0.00784
-0.0079
-0.0079
-0.0079
-0.00805
-0.00805
-0.00769
-0.00784
-0.00779
-0.0081
-0.00795
-0.008
-0.00805
-0.0079
-0.00784
-0.00784
-0.00784
-0.00779
-0.00774
-0.00805
-0.00795
-0.00805
-0.00784
-0.00795
-0.00774
-0.0079
-0.0079
-0.0079
-0.00784
-0.00779
-0.0079
-0.00805
-0.00779
-0.008
-0.00784
-0.0079
-0.00784
-0.00784
-0.00805
-0.00779
-0.0081
-0.0081
-0.008
-0.008
-0.008
-0.00795
-0.00815
-0.0079
-0.00805
-0.0079
-0.008
-0.00805
-0.0081
-0.0081
-0.00795
-0.00784
-0.00805
-0.00815
-0.0079
-0.00795
-0.008
-0.00795
-0.0079
-0.008
-0.008
-0.008
-0.0081
-0.008
-0.00795
-0.008
-0.0081
-0.00805
-0.00815
-0.0079
-0.0081
-0.00779
-0.00805
-0.00784
-0.0079
-0.00795
-0.00795
-0.0079
-0.008
-0.0082
-0.00805
-0.0082
-0.008
-0.0081
-0.008
-0.00805
-0.00805
-0.008
-0.00815
-0.0079
-0.00779
-0.0079
-0.00805
-0.00779
-0.0079
-0.0081
-0.0079
-0.00784
-0.00826
-0.0079
-0.00795
-0.00795
-0.0079
-0.00805
-0.00805
-0.00805
-0.00815
-0.00795
-0.00805
-0.008
-0.00805
-0.00805
-0.0081
-0.00805
-0.00795
-0.00826
-0.0081
-0.0081
-0.008
-0.0082
-0.00805
-0.00805
-0.008
-0.0082
-0.0081
-0.00826
-0.00826
-0.00815
-0.00805
-0.00805
-0.00815
-0.008
-0.00815
-0.00805
-0.0082
-0.0081
-0.00805
-0.00795
-0.008
-0.0082
-0.008
-0.008
-0.00784
-0.0079
-0.008
-0.0081
-0.008
-0.008
-0.00795
-0.00805
-0.008
-0.0079
-0.0079
-0.0079
-0.00795
-0.00805
-0.0081
-0.0079
-0.008
-0.0079
-0.00841
-0.008
-0.008
-0.00805
-0.0081
-0.00815
-0.008
-0.008
-0.00815
-0.0081
-0.00795
-0.00795
-0.008
-0.0081
-0.00805
-0.008
-0.00795
-0.008
-0.00805
-0.008
-0.00805
-0.0079
-0.00784
-0.0079
-0.00795
-0.00784
-0.00805
-0.0081
-0.008
-0.0081
-0.008
-0.00779
-0.0079
-0.00774
-0.00779
-0.00805
-0.008
-0.0079
-0.00769
-0.00795
-0.00774
-0.00795
-0.00779
-0.0079
-0.00784
-0.0079
-0.008
-0.00795
-0.00784
-0.008
-0.00795
-0.00805
-0.00795
-0.008
-0.00795
-0.008
-0.0079
-0.00805
-0.00795
-0.0079
-0.00795
-0.00805
-0.00779
-0.00779
-0.00795
-0.00769
-0.00784
-0.00774
-0.008
-0.00795
-0.00784
-0.00805
-0.0079
-0.00795
-0.0079
-0.0079
-0.00779
-0.0081
-0.00784
-0.00774
-0.00779
-0.00784
-0.00779
-0.00779
-0.008
-0.00779
-0.0079
-0.0079
-0.00779
-0.0079
-0.00779
-0.0079
-0.00769
-0.00784
-0.00795
-0.008
-0.0079
-0.00805
-0.00815
-0.008
-0.00805
-0.0079
-0.0079
-0.00795
-0.00795
-0.00795
-0.0079
-0.00805
-0.0079
-0.0081
-0.008
-0.00774
-0.00784
-0.00795
-0.00805
-0.00784
-0.008
-0.00779
-0.00784
-0.00779
-0.00769
-0.00769
-0.00774
-0.00784
-0.0079
-0.00795
-0.00795
-0.00795
-0.00784
-0.008
-0.00769
-0.00774
-0.00795
-0.0079
-0.0079
-0.00795
-0.00779
-0.00805
-0.00769
-0.00784
-0.00795
-0.00774
-0.0079
-0.00805
-0.00764
-0.00774
-0.00779
-0.00784
-0.00779
-0.0079
-0.00795
-0.008
-0.00779
-0.00784
-0.00805
-0.008
-0.00795
-0.008
-0.00779
-0.00795
-0.00779
-0.00784
